0.003141587, 
0.009424638, 
0.015707317, 
0.021989376, 
0.028270567, 
0.034550641, 
0.040829352, 
0.047106451, 
0.05338169, 
0.059654821, 
0.065925598, 
0.072193772, 
0.078459096, 
0.084721322, 
0.090980204, 
0.097235494, 
0.103486945, 
0.109734311, 
0.115977345, 
0.1222158, 
0.12844943, 
0.134677989, 
0.140901232, 
0.147118912, 
0.153330784, 
0.159536602, 
0.165736123, 
0.1719291, 
0.17811529, 
0.184294449, 
0.190466331, 
0.196630695, 
0.202787295, 
0.20893589, 
0.215076237, 
0.221208093, 
0.227331216, 
0.233445364, 
0.239550296, 
0.245645771, 
0.251731549, 
0.257807388, 
0.26387305, 
0.269928294, 
0.275972883, 
0.282006576, 
0.288029136, 
0.294040325, 
0.300039906, 
0.306027642, 
0.312003297, 
0.317966634, 
0.323917418, 
0.329855415, 
0.335780389, 
0.341692108, 
0.347590337, 
0.353474844, 
0.359345396, 
0.365201762, 
0.37104371, 
0.37687101, 
0.382683432, 
0.388480747, 
0.394262724, 
0.400029137, 
0.405779758, 
0.411514359, 
0.417232714, 
0.422934597, 
0.428619784, 
0.434288049, 
0.43993917, 
0.445572922, 
0.451189084, 
0.456787434, 
0.462367751, 
0.467929814, 
0.473473404, 
0.478998303, 
0.484504291, 
0.489991152, 
0.495458668, 
0.500906625, 
0.506334807, 
0.511743, 
0.51713099, 
0.522498565, 
0.527845512, 
0.533171621, 
0.538476681, 
0.543760483, 
0.549022818, 
0.554263479, 
0.559482258, 
0.56467895, 
0.569853349, 
0.575005252, 
0.580134454, 
0.585240754, 
0.590323949, 
0.59538384, 
0.600420225, 
0.605432907, 
0.610421688, 
0.61538637, 
0.620326758, 
0.625242656, 
0.630133871, 
0.635000209, 
0.639841479, 
0.644657489, 
0.649448048, 
0.654212969, 
0.658952062, 
0.663665141, 
0.66835202, 
0.673012514, 
0.677646437, 
0.682253609, 
0.686833847, 
0.691386969, 
0.695912797, 
0.700411151, 
0.704881854, 
0.70932473, 
0.713739602, 
0.718126298, 
0.722484643, 
0.726814465, 
0.731115595, 
0.735387861, 
0.739631095, 
0.74384513, 
0.748029799, 
0.752184937, 
0.75631038, 
0.760405966, 
0.764471531, 
0.768506917, 
0.772511964, 
0.776486513, 
0.780430407, 
0.784343492, 
0.788225612, 
0.792076614, 
0.795896347, 
0.799684658, 
0.8034414, 
0.807166423, 
0.810859581, 
0.814520727, 
0.818149717, 
0.821746409, 
0.825310659, 
0.828842327, 
0.832341274, 
0.835807361, 
0.839240453, 
0.842640412, 
0.846007106, 
0.8493404, 
0.852640164, 
0.855906268, 
0.859138581, 
0.862336978, 
0.86550133, 
0.868631514, 
0.871727407, 
0.874788884, 
0.877815827, 
0.880808115, 
0.88376563, 
0.886688256, 
0.889575876, 
0.892428378, 
0.895245648, 
0.898027576, 
0.900774051, 
0.903484964, 
0.90616021, 
0.908799682, 
0.911403277, 
0.91397089, 
0.916502422, 
0.918997772, 
0.921456841, 
0.923879533, 
0.926265751, 
0.928615402, 
0.930928393, 
0.933204633, 
0.935444031, 
0.937646499, 
0.939811951, 
0.941940301, 
0.944031464, 
0.946085359, 
0.948101904, 
0.950081019, 
0.952022627, 
0.953926651, 
0.955793015, 
0.957621646, 
0.959412472, 
0.961165422, 
0.962880427, 
0.964557418, 
0.966196331, 
0.9677971, 
0.969359662, 
0.970883956, 
0.97236992, 
0.973817497, 
0.97522663, 
0.976597262, 
0.97792934, 
0.979222811, 
0.980477623, 
0.981693729, 
0.982871078, 
0.984009626, 
0.985109326, 
0.986170136, 
0.987192014, 
0.988174919, 
0.989118813, 
0.990023658, 
0.990889418, 
0.99171606, 
0.992503551, 
0.993251859, 
0.993960955, 
0.994630812, 
0.995261402, 
0.995852701, 
0.996404686, 
0.996917334, 
0.997390625, 
0.997824541, 
0.998219065, 
0.998574181, 
0.998889875, 
0.999166134, 
0.999402948, 
0.999600308, 
0.999758204, 
0.999876632, 
0.999955587, 
0.999995065, 
0.999995065, 
0.999955587, 
0.999876632, 
0.999758204, 
0.999600308, 
0.999402948, 
0.999166134, 
0.998889875, 
0.998574181, 
0.998219065, 
0.997824541, 
0.997390625, 
0.996917334, 
0.996404686, 
0.995852701, 
0.995261402, 
0.994630812, 
0.993960955, 
0.993251859, 
0.992503551, 
0.99171606, 
0.990889418, 
0.990023658, 
0.989118813, 
0.988174919, 
0.987192014, 
0.986170136, 
0.985109326, 
0.984009626, 
0.982871078, 
0.981693729, 
0.980477623, 
0.979222811, 
0.97792934, 
0.976597262, 
0.97522663, 
0.973817497, 
0.97236992, 
0.970883956, 
0.969359662, 
0.9677971, 
0.966196331, 
0.964557418, 
0.962880427, 
0.961165422, 
0.959412472, 
0.957621646, 
0.955793015, 
0.953926651, 
0.952022627, 
0.950081019, 
0.948101904, 
0.946085359, 
0.944031464, 
0.941940301, 
0.939811951, 
0.937646499, 
0.935444031, 
0.933204633, 
0.930928393, 
0.928615402, 
0.926265751, 
0.923879533, 
0.921456841, 
0.918997772, 
0.916502422, 
0.91397089, 
0.911403277, 
0.908799682, 
0.90616021, 
0.903484964, 
0.900774051, 
0.898027576, 
0.895245648, 
0.892428378, 
0.889575876, 
0.886688256, 
0.88376563, 
0.880808115, 
0.877815827, 
0.874788884, 
0.871727407, 
0.868631514, 
0.86550133, 
0.862336978, 
0.859138581, 
0.855906268, 
0.852640164, 
0.8493404, 
0.846007106, 
0.842640412, 
0.839240453, 
0.835807361, 
0.832341274, 
0.828842327, 
0.825310659, 
0.821746409, 
0.818149717, 
0.814520727, 
0.810859581, 
0.807166423, 
0.8034414, 
0.799684658, 
0.795896347, 
0.792076614, 
0.788225612, 
0.784343492, 
0.780430407, 
0.776486513, 
0.772511964, 
0.768506917, 
0.764471531, 
0.760405966, 
0.75631038, 
0.752184937, 
0.748029799, 
0.74384513, 
0.739631095, 
0.735387861, 
0.731115595, 
0.726814465, 
0.722484643, 
0.718126298, 
0.713739602, 
0.70932473, 
0.704881854, 
0.700411151, 
0.695912797, 
0.691386969, 
0.686833847, 
0.682253609, 
0.677646437, 
0.673012514, 
0.66835202, 
0.663665141, 
0.658952062, 
0.654212969, 
0.649448048, 
0.644657489, 
0.639841479, 
0.635000209, 
0.630133871, 
0.625242656, 
0.620326758, 
0.61538637, 
0.610421688, 
0.605432907, 
0.600420225, 
0.59538384, 
0.590323949, 
0.585240754, 
0.580134454, 
0.575005252, 
0.569853349, 
0.56467895, 
0.559482258, 
0.554263479, 
0.549022818, 
0.543760483, 
0.538476681, 
0.533171621, 
0.527845512, 
0.522498565, 
0.51713099, 
0.511743, 
0.506334807, 
0.500906625, 
0.495458668, 
0.489991152, 
0.484504291, 
0.478998303, 
0.473473404, 
0.467929814, 
0.462367751, 
0.456787434, 
0.451189084, 
0.445572922, 
0.43993917, 
0.434288049, 
0.428619784, 
0.422934597, 
0.417232714, 
0.411514359, 
0.405779758, 
0.400029137, 
0.394262724, 
0.388480747, 
0.382683432, 
0.37687101, 
0.37104371, 
0.365201762, 
0.359345396, 
0.353474844, 
0.347590337, 
0.341692108, 
0.335780389, 
0.329855415, 
0.323917418, 
0.317966634, 
0.312003297, 
0.306027642, 
0.300039906, 
0.294040325, 
0.288029136, 
0.282006576, 
0.275972883, 
0.269928294, 
0.26387305, 
0.257807388, 
0.251731549, 
0.245645771, 
0.239550296, 
0.233445364, 
0.227331216, 
0.221208093, 
0.215076237, 
0.20893589, 
0.202787295, 
0.196630695, 
0.190466331, 
0.184294449, 
0.17811529, 
0.1719291, 
0.165736123, 
0.159536602, 
0.153330784, 
0.147118912, 
0.140901232, 
0.134677989, 
0.12844943, 
0.1222158, 
0.115977345, 
0.109734311, 
0.103486945, 
0.097235494, 
0.090980204, 
0.084721322, 
0.078459096, 
0.072193772, 
0.065925598, 
0.059654821, 
0.05338169, 
0.047106451, 
0.040829352, 
0.034550641, 
0.028270567, 
0.021989376, 
0.015707317, 
0.009424638, 
0.003141587, 
-0.003141587, 
-0.009424638, 
-0.015707317, 
-0.021989376, 
-0.028270567, 
-0.034550641, 
-0.040829352, 
-0.047106451, 
-0.05338169, 
-0.059654821, 
-0.065925598, 
-0.072193772, 
-0.078459096, 
-0.084721322, 
-0.090980204, 
-0.097235494, 
-0.103486945, 
-0.109734311, 
-0.115977345, 
-0.1222158, 
-0.12844943, 
-0.134677989, 
-0.140901232, 
-0.147118912, 
-0.153330784, 
-0.159536602, 
-0.165736123, 
-0.1719291, 
-0.17811529, 
-0.184294449, 
-0.190466331, 
-0.196630695, 
-0.202787295, 
-0.20893589, 
-0.215076237, 
-0.221208093, 
-0.227331216, 
-0.233445364, 
-0.239550296, 
-0.245645771, 
-0.251731549, 
-0.257807388, 
-0.26387305, 
-0.269928294, 
-0.275972883, 
-0.282006576, 
-0.288029136, 
-0.294040325, 
-0.300039906, 
-0.306027642, 
-0.312003297, 
-0.317966634, 
-0.323917418, 
-0.329855415, 
-0.335780389, 
-0.341692108, 
-0.347590337, 
-0.353474844, 
-0.359345396, 
-0.365201762, 
-0.37104371, 
-0.37687101, 
-0.382683432, 
-0.388480747, 
-0.394262724, 
-0.400029137, 
-0.405779758, 
-0.411514359, 
-0.417232714, 
-0.422934597, 
-0.428619784, 
-0.434288049, 
-0.43993917, 
-0.445572922, 
-0.451189084, 
-0.456787434, 
-0.462367751, 
-0.467929814, 
-0.473473404, 
-0.478998303, 
-0.484504291, 
-0.489991152, 
-0.495458668, 
-0.500906625, 
-0.506334807, 
-0.511743, 
-0.51713099, 
-0.522498565, 
-0.527845512, 
-0.533171621, 
-0.538476681, 
-0.543760483, 
-0.549022818, 
-0.554263479, 
-0.559482258, 
-0.56467895, 
-0.569853349, 
-0.575005252, 
-0.580134454, 
-0.585240754, 
-0.590323949, 
-0.59538384, 
-0.600420225, 
-0.605432907, 
-0.610421688, 
-0.61538637, 
-0.620326758, 
-0.625242656, 
-0.630133871, 
-0.635000209, 
-0.639841479, 
-0.644657489, 
-0.649448048, 
-0.654212969, 
-0.658952062, 
-0.663665141, 
-0.66835202, 
-0.673012514, 
-0.677646437, 
-0.682253609, 
-0.686833847, 
-0.691386969, 
-0.695912797, 
-0.700411151, 
-0.704881854, 
-0.70932473, 
-0.713739602, 
-0.718126298, 
-0.722484643, 
-0.726814465, 
-0.731115595, 
-0.735387861, 
-0.739631095, 
-0.74384513, 
-0.748029799, 
-0.752184937, 
-0.75631038, 
-0.760405966, 
-0.764471531, 
-0.768506917, 
-0.772511964, 
-0.776486513, 
-0.780430407, 
-0.784343492, 
-0.788225612, 
-0.792076614, 
-0.795896347, 
-0.799684658, 
-0.8034414, 
-0.807166423, 
-0.810859581, 
-0.814520727, 
-0.818149717, 
-0.821746409, 
-0.825310659, 
-0.828842327, 
-0.832341274, 
-0.835807361, 
-0.839240453, 
-0.842640412, 
-0.846007106, 
-0.8493404, 
-0.852640164, 
-0.855906268, 
-0.859138581, 
-0.862336978, 
-0.86550133, 
-0.868631514, 
-0.871727407, 
-0.874788884, 
-0.877815827, 
-0.880808115, 
-0.88376563, 
-0.886688256, 
-0.889575876, 
-0.892428378, 
-0.895245648, 
-0.898027576, 
-0.900774051, 
-0.903484964, 
-0.90616021, 
-0.908799682, 
-0.911403277, 
-0.91397089, 
-0.916502422, 
-0.918997772, 
-0.921456841, 
-0.923879533, 
-0.926265751, 
-0.928615402, 
-0.930928393, 
-0.933204633, 
-0.935444031, 
-0.937646499, 
-0.939811951, 
-0.941940301, 
-0.944031464, 
-0.946085359, 
-0.948101904, 
-0.950081019, 
-0.952022627, 
-0.953926651, 
-0.955793015, 
-0.957621646, 
-0.959412472, 
-0.961165422, 
-0.962880427, 
-0.964557418, 
-0.966196331, 
-0.9677971, 
-0.969359662, 
-0.970883956, 
-0.97236992, 
-0.973817497, 
-0.97522663, 
-0.976597262, 
-0.97792934, 
-0.979222811, 
-0.980477623, 
-0.981693729, 
-0.982871078, 
-0.984009626, 
-0.985109326, 
-0.986170136, 
-0.987192014, 
-0.988174919, 
-0.989118813, 
-0.990023658, 
-0.990889418, 
-0.99171606, 
-0.992503551, 
-0.993251859, 
-0.993960955, 
-0.994630812, 
-0.995261402, 
-0.995852701, 
-0.996404686, 
-0.996917334, 
-0.997390625, 
-0.997824541, 
-0.998219065, 
-0.998574181, 
-0.998889875, 
-0.999166134, 
-0.999402948, 
-0.999600308, 
-0.999758204, 
-0.999876632, 
-0.999955587, 
-0.999995065, 
-0.999995065, 
-0.999955587, 
-0.999876632, 
-0.999758204, 
-0.999600308, 
-0.999402948, 
-0.999166134, 
-0.998889875, 
-0.998574181, 
-0.998219065, 
-0.997824541, 
-0.997390625, 
-0.996917334, 
-0.996404686, 
-0.995852701, 
-0.995261402, 
-0.994630812, 
-0.993960955, 
-0.993251859, 
-0.992503551, 
-0.99171606, 
-0.990889418, 
-0.990023658, 
-0.989118813, 
-0.988174919, 
-0.987192014, 
-0.986170136, 
-0.985109326, 
-0.984009626, 
-0.982871078, 
-0.981693729, 
-0.980477623, 
-0.979222811, 
-0.97792934, 
-0.976597262, 
-0.97522663, 
-0.973817497, 
-0.97236992, 
-0.970883956, 
-0.969359662, 
-0.9677971, 
-0.966196331, 
-0.964557418, 
-0.962880427, 
-0.961165422, 
-0.959412472, 
-0.957621646, 
-0.955793015, 
-0.953926651, 
-0.952022627, 
-0.950081019, 
-0.948101904, 
-0.946085359, 
-0.944031464, 
-0.941940301, 
-0.939811951, 
-0.937646499, 
-0.935444031, 
-0.933204633, 
-0.930928393, 
-0.928615402, 
-0.926265751, 
-0.923879533, 
-0.921456841, 
-0.918997772, 
-0.916502422, 
-0.91397089, 
-0.911403277, 
-0.908799682, 
-0.90616021, 
-0.903484964, 
-0.900774051, 
-0.898027576, 
-0.895245648, 
-0.892428378, 
-0.889575876, 
-0.886688256, 
-0.88376563, 
-0.880808115, 
-0.877815827, 
-0.874788884, 
-0.871727407, 
-0.868631514, 
-0.86550133, 
-0.862336978, 
-0.859138581, 
-0.855906268, 
-0.852640164, 
-0.8493404, 
-0.846007106, 
-0.842640412, 
-0.839240453, 
-0.835807361, 
-0.832341274, 
-0.828842327, 
-0.825310659, 
-0.821746409, 
-0.818149717, 
-0.814520727, 
-0.810859581, 
-0.807166423, 
-0.8034414, 
-0.799684658, 
-0.795896347, 
-0.792076614, 
-0.788225612, 
-0.784343492, 
-0.780430407, 
-0.776486513, 
-0.772511964, 
-0.768506917, 
-0.764471531, 
-0.760405966, 
-0.75631038, 
-0.752184937, 
-0.748029799, 
-0.74384513, 
-0.739631095, 
-0.735387861, 
-0.731115595, 
-0.726814465, 
-0.722484643, 
-0.718126298, 
-0.713739602, 
-0.70932473, 
-0.704881854, 
-0.700411151, 
-0.695912797, 
-0.691386969, 
-0.686833847, 
-0.682253609, 
-0.677646437, 
-0.673012514, 
-0.66835202, 
-0.663665141, 
-0.658952062, 
-0.654212969, 
-0.649448048, 
-0.644657489, 
-0.639841479, 
-0.635000209, 
-0.630133871, 
-0.625242656, 
-0.620326758, 
-0.61538637, 
-0.610421688, 
-0.605432907, 
-0.600420225, 
-0.59538384, 
-0.590323949, 
-0.585240754, 
-0.580134454, 
-0.575005252, 
-0.569853349, 
-0.56467895, 
-0.559482258, 
-0.554263479, 
-0.549022818, 
-0.543760483, 
-0.538476681, 
-0.533171621, 
-0.527845512, 
-0.522498565, 
-0.51713099, 
-0.511743, 
-0.506334807, 
-0.500906625, 
-0.495458668, 
-0.489991152, 
-0.484504291, 
-0.478998303, 
-0.473473404, 
-0.467929814, 
-0.462367751, 
-0.456787434, 
-0.451189084, 
-0.445572922, 
-0.43993917, 
-0.434288049, 
-0.428619784, 
-0.422934597, 
-0.417232714, 
-0.411514359, 
-0.405779758, 
-0.400029137, 
-0.394262724, 
-0.388480747, 
-0.382683432, 
-0.37687101, 
-0.37104371, 
-0.365201762, 
-0.359345396, 
-0.353474844, 
-0.347590337, 
-0.341692108, 
-0.335780389, 
-0.329855415, 
-0.323917418, 
-0.317966634, 
-0.312003297, 
-0.306027642, 
-0.300039906, 
-0.294040325, 
-0.288029136, 
-0.282006576, 
-0.275972883, 
-0.269928294, 
-0.26387305, 
-0.257807388, 
-0.251731549, 
-0.245645771, 
-0.239550296, 
-0.233445364, 
-0.227331216, 
-0.221208093, 
-0.215076237, 
-0.20893589, 
-0.202787295, 
-0.196630695, 
-0.190466331, 
-0.184294449, 
-0.17811529, 
-0.1719291, 
-0.165736123, 
-0.159536602, 
-0.153330784, 
-0.147118912, 
-0.140901232, 
-0.134677989, 
-0.12844943, 
-0.1222158, 
-0.115977345, 
-0.109734311, 
-0.103486945, 
-0.097235494, 
-0.090980204, 
-0.084721322, 
-0.078459096, 
-0.072193772, 
-0.065925598, 
-0.059654821, 
-0.05338169, 
-0.047106451, 
-0.040829352, 
-0.034550641, 
-0.028270567, 
-0.021989376, 
-0.015707317, 
-0.009424638, 
-0.003141587, 